rows batches whose rows were all held: 0 of 463
not cached 463
not cached but hash held: 0
   stroke_rgba rows [0 1 2] now [[1.0, 1.0, 1.0, 0.05000000074505806], [1.0, 1.0, 1.0, 0.05000000074505806], [1.0, 1.0, 1.0, 0.05000000074505806]] before [[1.0, 1.0, 1.0, 1.0], [1.0, 1.0, 1.0, 1.0], [1.0, 1.0, 1.0, 1.0]]
   fill_rgba rows [0 1 2] now [[1.0, 1.0, 1.0, 0.05000000074505806], [1.0, 1.0, 1.0, 0.05000000074505806], [1.0, 1.0, 1.0, 0.05000000074505806]] before [[1.0, 1.0, 1.0, 1.0], [1.0, 1.0, 1.0, 1.0], [1.0, 1.0, 1.0, 1.0]]
   stroke_rgba rows [0 1 2] now [[0.6196078658103943, 0.6196078658103943, 0.6196078658103943, 0.05000000074505806], [0.6196078658103943, 0.6196078658103943, 0.6196078658103943, 0.05000000074505806], [0.6196078658103943, 0.6196078658103943, 0.6196078658103943, 0.05000000074505806]] before [[0.6196078658103943, 0.6196078658103943, 0.6196078658103943, 1.0], [0.6196078658103943, 0.6196078658103943, 0.6196078658103943, 1.0], [0.6196078658103943, 0.6196078658103943, 0.6196078658103943, 1.0]]
   fill_rgba rows [0 1 2] now [[0.6196078658103943, 0.6196078658103943, 0.6196078658103943, 0.05000000074505806], [0.6196078658103943, 0.6196078658103943, 0.6196078658103943, 0.05000000074505806], [0.6196078658103943, 0.6196078658103943, 0.6196078658103943, 0.05000000074505806]] before [[0.6196078658103943, 0.6196078658103943, 0.6196078658103943, 1.0], [0.6196078658103943, 0.6196078658103943, 0.6196078658103943, 1.0], [0.6196078658103943, 0.6196078658103943, 0.6196078658103943, 1.0]]
   stroke_rgba rows [0 1 2] now [[0.6196078658103943, 0.6196078658103943, 0.6196078658103943, 0.05000000074505806], [0.6196078658103943, 0.6196078658103943, 0.6196078658103943, 0.05000000074505806], [0.6196078658103943, 0.6196078658103943, 0.6196078658103943, 0.05000000074505806]] before [[0.6196078658103943, 0.6196078658103943, 0.6196078658103943, 1.0], [0.6196078658103943, 0.6196078658103943, 0.6196078658103943, 1.0], [0.6196078658103943, 0.6196078658103943, 0.6196078658103943, 1.0]]
   fill_rgba rows [0 1 2] now [[0.6196078658103943, 0.6196078658103943, 0.6196078658103943, 0.05000000074505806], [0.6196078658103943, 0.6196078658103943, 0.6196078658103943, 0.05000000074505806], [0.6196078658103943, 0.6196078658103943, 0.6196078658103943, 0.05000000074505806]] before [[0.6196078658103943, 0.6196078658103943, 0.6196078658103943, 1.0], [0.6196078658103943, 0.6196078658103943, 0.6196078658103943, 1.0], [0.6196078658103943, 0.6196078658103943, 0.6196078658103943, 1.0]]
Counter({('stroke_rgba', 'fill_rgba'): 590, 'no match by points': 102})
